0.20000E+00  0.80007E+00
0.60000E+00  0.57541E+00
0.10000E+01  0.52695E+00
0.14000E+01  0.49554E+00
0.18000E+01  0.47188E+00
0.22000E+01  0.45273E+00
0.26000E+01  0.43653E+00
0.30000E+01  0.42242E+00
0.34000E+01  0.40984E+00
0.38000E+01  0.39845E+00
0.42000E+01  0.38798E+00
0.46000E+01  0.37824E+00
0.50000E+01  0.36910E+00
0.54000E+01  0.36042E+00
0.58000E+01  0.35210E+00
0.62000E+01  0.34407E+00
0.66000E+01  0.33622E+00
0.70000E+01  0.32846E+00
0.74000E+01  0.32070E+00
0.78000E+01  0.31279E+00
0.82000E+01  0.30456E+00
0.86000E+01  0.29573E+00
0.90000E+01  0.28583E+00
0.94000E+01  0.27401E+00
0.98000E+01  0.25852E+00
0.10200E+02  0.23516E+00
0.10600E+02  0.19227E+00
0.11000E+02  0.10419E+00
0.11400E+02  0.14682E-01
0.11800E+02  0.14574E-03
0.12200E+02  0.25171E-07
0.12600E+02  0.49101E-13
0.13000E+02  0.23470E-16
0.13400E+02  0.00000E+00
0.13800E+02  0.00000E+00
0.14200E+02  0.00000E+00
0.14600E+02  0.00000E+00
0.15000E+02  0.00000E+00
0.15400E+02  0.00000E+00
0.15800E+02  0.00000E+00
0.16200E+02  0.00000E+00
0.16600E+02  0.00000E+00
0.17000E+02  0.00000E+00
0.17400E+02  0.00000E+00
0.17800E+02  0.00000E+00
0.18200E+02  0.00000E+00
0.18600E+02  0.00000E+00
0.19000E+02  0.00000E+00
0.19400E+02  0.00000E+00
0.19800E+02  0.00000E+00
0.20200E+02  0.00000E+00
0.20600E+02  0.00000E+00
0.21000E+02  0.00000E+00
0.21400E+02  0.00000E+00
0.21800E+02  0.00000E+00
0.22200E+02  0.00000E+00
0.22600E+02  0.00000E+00
0.23000E+02  0.00000E+00
0.23400E+02  0.00000E+00
0.23800E+02  0.00000E+00
0.24200E+02  0.00000E+00
0.24600E+02  0.00000E+00
0.25000E+02  0.00000E+00
0.25400E+02  0.00000E+00
0.25800E+02  0.00000E+00
0.26200E+02  0.00000E+00
0.26600E+02  0.00000E+00
0.27000E+02  0.00000E+00
0.27400E+02  0.00000E+00
0.27800E+02  0.00000E+00
0.28200E+02  0.00000E+00
0.28600E+02  0.00000E+00
0.29000E+02  0.00000E+00
0.29400E+02  0.00000E+00
0.29800E+02  0.00000E+00
0.30200E+02  0.00000E+00
0.30600E+02  0.00000E+00
0.31000E+02  0.00000E+00
0.31400E+02  0.00000E+00
0.31800E+02  0.00000E+00
0.32200E+02  0.00000E+00
0.32600E+02  0.00000E+00
0.33000E+02  0.00000E+00
0.33400E+02  0.00000E+00
0.33800E+02  0.00000E+00
0.34200E+02  0.00000E+00
0.34600E+02  0.00000E+00
0.35000E+02  0.00000E+00
0.35400E+02  0.00000E+00
0.35800E+02  0.00000E+00
0.36200E+02  0.00000E+00
0.36600E+02  0.00000E+00
0.37000E+02  0.00000E+00
0.37400E+02  0.00000E+00
0.37800E+02  0.00000E+00
0.38200E+02  0.00000E+00
0.38600E+02  0.00000E+00
0.39000E+02  0.00000E+00
0.39400E+02  0.00000E+00
0.39800E+02  0.00000E+00
0.40200E+02  0.00000E+00
0.40600E+02  0.00000E+00
0.41000E+02  0.00000E+00
0.41400E+02  0.00000E+00
0.41800E+02  0.00000E+00
0.42200E+02  0.00000E+00
0.42600E+02  0.00000E+00
0.43000E+02  0.00000E+00
0.43400E+02  0.00000E+00
0.43800E+02  0.00000E+00
0.44200E+02  0.00000E+00
0.44600E+02  0.00000E+00
0.45000E+02  0.00000E+00
0.45400E+02  0.00000E+00
0.45800E+02  0.00000E+00
0.46200E+02  0.00000E+00
0.46600E+02  0.00000E+00
0.47000E+02  0.00000E+00
0.47400E+02  0.00000E+00
0.47800E+02  0.00000E+00
0.48200E+02  0.00000E+00
0.48600E+02  0.00000E+00
0.49000E+02  0.00000E+00
0.49400E+02  0.00000E+00
0.49800E+02  0.00000E+00
0.50200E+02  0.00000E+00
0.50600E+02  0.00000E+00
0.51000E+02  0.00000E+00
0.51400E+02  0.00000E+00
0.51800E+02  0.00000E+00
0.52200E+02  0.00000E+00
0.52600E+02  0.00000E+00
0.53000E+02  0.00000E+00
0.53400E+02  0.00000E+00
0.53800E+02  0.00000E+00
0.54200E+02  0.00000E+00
0.54600E+02  0.00000E+00
0.55000E+02  0.00000E+00
0.55400E+02  0.00000E+00
0.55800E+02  0.00000E+00
0.56200E+02  0.00000E+00
0.56600E+02  0.00000E+00
0.57000E+02  0.00000E+00
0.57400E+02  0.00000E+00
0.57800E+02  0.00000E+00
0.58200E+02  0.00000E+00
0.58600E+02  0.00000E+00
0.59000E+02  0.00000E+00
0.59400E+02  0.00000E+00
0.59800E+02  0.00000E+00
0.60200E+02  0.00000E+00
0.60600E+02  0.00000E+00
0.61000E+02  0.00000E+00
0.61400E+02  0.00000E+00
0.61800E+02  0.00000E+00
0.62200E+02  0.00000E+00
0.62600E+02  0.00000E+00
0.63000E+02  0.00000E+00
0.63400E+02  0.00000E+00
0.63800E+02  0.00000E+00
0.64200E+02  0.00000E+00
0.64600E+02  0.00000E+00
0.65000E+02  0.00000E+00
0.65400E+02  0.00000E+00
0.65800E+02  0.00000E+00
0.66200E+02  0.00000E+00
0.66600E+02  0.00000E+00
0.67000E+02  0.00000E+00
0.67400E+02  0.00000E+00
0.67800E+02  0.00000E+00
0.68200E+02  0.00000E+00
0.68600E+02  0.00000E+00
0.69000E+02  0.00000E+00
0.69400E+02  0.00000E+00
0.69800E+02  0.00000E+00
0.70200E+02  0.00000E+00
0.70600E+02  0.00000E+00
0.71000E+02  0.00000E+00
0.71400E+02  0.00000E+00
0.71800E+02  0.00000E+00
0.72200E+02  0.00000E+00
0.72600E+02  0.00000E+00
0.73000E+02  0.00000E+00
0.73400E+02  0.00000E+00
0.73800E+02  0.00000E+00
0.74200E+02  0.00000E+00
0.74600E+02  0.00000E+00
0.75000E+02  0.00000E+00
0.75400E+02  0.00000E+00
0.75800E+02  0.00000E+00
0.76200E+02  0.00000E+00
0.76600E+02  0.00000E+00
0.77000E+02  0.00000E+00
0.77400E+02  0.00000E+00
0.77800E+02  0.00000E+00
0.78200E+02  0.00000E+00
0.78600E+02  0.00000E+00
0.79000E+02  0.00000E+00
0.79400E+02  0.00000E+00
0.79800E+02  0.00000E+00
0.80200E+02  0.00000E+00
0.80600E+02  0.00000E+00
0.81000E+02  0.00000E+00
0.81400E+02  0.00000E+00
0.81800E+02  0.00000E+00
0.82200E+02  0.00000E+00
0.82600E+02  0.00000E+00
0.83000E+02  0.00000E+00
0.83400E+02  0.00000E+00
0.83800E+02  0.00000E+00
0.84200E+02  0.00000E+00
0.84600E+02  0.00000E+00
0.85000E+02  0.00000E+00
0.85400E+02  0.00000E+00
0.85800E+02  0.00000E+00
0.86200E+02  0.00000E+00
0.86600E+02  0.00000E+00
0.87000E+02  0.00000E+00
0.87400E+02  0.00000E+00
0.87800E+02  0.00000E+00
0.88200E+02  0.00000E+00
0.88600E+02  0.00000E+00
0.89000E+02  0.00000E+00
0.89400E+02  0.00000E+00
0.89800E+02  0.00000E+00
0.90200E+02  0.00000E+00
0.90600E+02  0.00000E+00
0.91000E+02  0.00000E+00
0.91400E+02  0.00000E+00
0.91800E+02  0.00000E+00
0.92200E+02  0.00000E+00
0.92600E+02  0.00000E+00
0.93000E+02  0.00000E+00
0.93400E+02  0.00000E+00
0.93800E+02  0.00000E+00
0.94200E+02  0.00000E+00
0.94600E+02  0.00000E+00
0.95000E+02  0.00000E+00
0.95400E+02  0.00000E+00
0.95800E+02  0.00000E+00
0.96200E+02  0.00000E+00
0.96600E+02  0.00000E+00
0.97000E+02  0.00000E+00
0.97400E+02  0.00000E+00
0.97800E+02  0.00000E+00
0.98200E+02  0.00000E+00
0.98600E+02  0.00000E+00
0.99000E+02  0.00000E+00
0.99400E+02  0.00000E+00
0.99800E+02  0.00000E+00
